-3.506928501497012 -1.207532320897969 0.0
-3.4928374786305074 -1.271288875350917 0.0
-3.5018601121257964 -1.3442381527701823 0.0
-3.492701543015368 -1.4111430223931276 0.0
-3.4822698535876873 -1.47813585609388 0.0
-3.484262276129248 -1.5512935124711529 0.0
-3.4847534670855933 -1.624967228484194 0.0
-3.463952336724042 -1.6894824398591817 0.0
-3.461560337974509 -1.763753087158548 0.0
-3.469101004770102 -1.8445537236225762 0.0
-3.4608701961644317 -1.918391675637064 0.0
-2.535289377838006 -1.4637500047683718 0.0
-2.4716419965902188 -1.4851123400857138 0.0
-3.4201779653287727 -2.137164388609552 0.0
-2.36253491631895 -1.5342481138517714 0.0
-3.439262341281845 -2.319811740850028 0.0
-3.4445342837388693 -2.41188887109574 0.0
-3.434277048537005 -2.495148328714864 0.0
-3.4141668816159942 -2.57275928136856 0.0
-3.4239065590899713 -2.6750489811190667 0.0
-3.427213571442178 -2.7753028285031127 0.0
-3.37978822038563 -2.835979049182898 0.0
-3.3946838012435947 -2.950953607500631 0.0
-3.4050894259148135 -3.0659562902895083 0.0
-3.408839438643269 -3.1787942027558853 0.0
-3.3564394288023025 -3.2412758797142516 0.0
-3.3587572106361017 -3.3587572106361003 0.0
-3.2308560969042643 -3.345649427839448 0.0
-3.1583344340672213 -3.386899022887201 0.0
-3.015771622439128 -3.349353705747636 0.0
-2.8925642062631485 -3.3275144787434416 0.0
-2.772343090536172 -3.3039498380502166 0.0
-2.7073363511044035 -3.3432819617628065 0.0
-2.583315611529077 -3.30649320029039 0.0
-2.484894343086171 -3.297566170266354 0.0
-2.4128584718717168 -3.321014777339933 0.0
-2.3115131588358424 -3.3011829103495747 0.0
-2.2082527096782774 -3.2738692759815122 0.0
-2.1251814876194057 -3.2724925145324786 0.0
-2.0582064556362143 -3.29381885884983 0.0
-1.9669304110285697 -3.273521926286117 0.0
-1.8789999485015887 -3.2545233782240515 0.0
-1.8228841675027216 -3.2885700905031054 0.0
-1.7375142422297845 -3.2677890192777332 0.0
-1.65207140084283 -3.242372687138748 0.0
-1.584273360449171 -3.2482417570406734 0.0
-1.517622211766226 -3.254551335851697 0.0
-1.4410679194354625 -3.236691540745688 0.0
-1.373810660437715 -3.236495094586082 0.0
-1.309999249315886 -3.2423619199669638 0.0
-1.2403114610726986 -3.2311218240548745 0.0
-1.1697089162678524 -3.2137488347806644 0.0
-1.1160476247855253 -3.2412376519063884 0.0
-1.0472585750757968 -3.2231304756763923 0.0
-0.9797376031591186 -3.2045773047203743 0.0
-0.9220069630939093 -3.215420400415595 0.0
-0.857467487045146 -3.2001122274908944 0.0
-0.7964068936955588 -3.194213584570655 0.0
-0.7351400202812066 -3.184241262068807 0.0
-0.6794553821953943 -3.196586249123636 0.0
-0.5835416006478964 -3.0020612850988813 0.0
-0.49446320081092676 -2.80424016122899 0.0
-0.442865984552522 -2.796145780766537 0.0
-0.39344234287607327 -2.7994877340043103 0.0
-0.3428184585821798 -2.7920322885975395 0.0
-0.2934113882180419 -2.7916228825258442 0.0
-0.24447186422545492 -2.794326194650517 0.0
-0.1948298299698935 -2.786196375251367 0.0
-0.14549395685804145 -2.776190078046695 0.0
-0.09681120138981333 -2.7723100836220627 0.0
-0.04844788066935287 -2.7755772246388397 0.0
-5.081059629225992e-16 -2.7660000324249268 0.0
0.04825590562991815 -2.7645789819956192 0.0
0.09646220675561731 -2.7623161848828053 0.0
0.1446565798611638 -2.7602119731101324 0.0
0.19280688917116484 -2.7572669740316766 0.0
0.2406369985781188 -2.750493479727414 0.0
0.28860307850898437 -2.745874871545104 0.0
0.3369687472998362 -2.7443902134104903 0.0
0.38439611653157224 -2.735120488970821 0.0
0.4330105816272298 -2.733921215619247 0.0
0.48204734517788894 -2.7338263449023503 0.0
0.531021432677168 -2.7318684440456273 0.0
0.5794498700157331 -2.726097305409393 0.0
0.6687794957198726 -2.896802250926553 0.0
0.7216530242638254 -2.8943921903458345 0.0
0.7756806727420137 -2.894879681122408 0.0
0.8269120674509982 -2.8837850878149562 0.0
0.8829625426861172 -2.888040344768301 0.0
0.9394116511117767 -2.89121177325734 0.0
0.9949362781581538 -2.889504761621212 0.0
1.1071192000310806 -3.0417850027300566 0.0
1.1758052062309017 -3.0630772849621613 0.0
1.2365764091652585 -3.0606340135696626 0.0
1.2866775994078332 -3.0312224666173733 0.0
1.4619131646352104 -3.2835107280253752 0.0
1.6463094152345648 -3.5305219342705674 0.0
1.6921125806188753 -3.469344924427537 0.0
1.7544463070255139 -3.44329475351299 0.0
1.8154465816471193 -3.414358432526271 0.0
1.86991075984748 -3.3734083088607263 0.0
1.9375000000000004 -3.3558484396646997 0.0
1.9952575395311223 -3.3206661850468246 0.0
2.0613859934579093 -3.2989071830122834 0.0
2.1137441177472818 -3.254880509388209 0.0
2.1797339387955477 -3.231588459400816 0.0
2.204254207700722 -3.1480012530807056 0.0
2.180095565777243 -3.000644121635173 0.0
2.3290473564598417 -2.9810446748821837 0.0
2.427288819098893 -2.9974520607945454 0.0
2.504943362763226 -2.9852752518180967 0.0
2.572407455174445 -2.9592162669324784 0.0
2.6778605896519827 -2.9740654838353766 0.0
2.7825532570226486 -2.9839230468083557 0.0
2.852961840028026 -2.9543284694367427 0.0
2.946513827729224 -2.9465138277292255 0.0
3.0600716450997356 -2.9550768377782335 0.0
3.1791946302151097 -2.964646954443433 0.0
3.2341664562397168 -2.912056557130654 0.0
3.3743066800044303 -2.9332400462525543 0.0
3.497758915592342 -2.9349682160205792 0.0
3.5772029880632283 -2.8967618632310748 0.0
3.7044387210424583 -2.8942247270253993 0.0
3.8622012991697336 -2.9103774313016264 0.0
4.010297062119629 -2.9136513655648684 0.0
4.081834474201558 -2.8581312685602005 0.0
4.259595057275387 -2.873133144432151 0.0
4.453340667801087 -2.892033244765298 0.0
4.559954490101326 -2.849375806965644 0.0
4.669847414987101 -2.805927408533405 0.0
4.8367519131723355 -2.792500019073489 0.0
4.87338103153558 -2.701359216958403 0.0
4.9206668945846666 -2.616364997915067 0.0
4.937957993903767 -2.516015266428426 0.0
4.902022725087028 -2.390876232915377 0.0
4.910375790687381 -2.2897458356164306 0.0
4.920355977743923 -2.1906836232209232 0.0
4.9164164960298775 -2.086894988562152 0.0
4.891822037915924 -1.976424395436418 0.0
4.880758622864418 -1.8735476990066375 0.0
4.896738214653583 -1.7822669551277293 0.0
4.889276558030935 -1.6835129279399013 0.0
4.873213658428228 -1.5834031015745509 0.0
4.881935797431361 -1.492557558186121 0.0
4.883209342028213 -1.4002377465208933 0.0
4.864402243793586 -1.3034126528846322 0.0
4.879617018671379 -1.2166251659049312 0.0
4.849440042885578 -1.1195814506728685 0.0
4.854546367069039 -1.0318656842518947 0.0
4.8453116501809115 -0.9418331764307537 0.0
4.848208429079593 -0.8548699541449348 0.0
4.840660579863162 -0.7666853167426735 0.0
4.825576442525442 -0.6781905411527245 0.0
4.847595230448115 -0.595209851805585 0.0
4.839343717376816 -0.5086355206026459 0.0
4.817597525770051 -0.42148516893542065 0.0
4.835193073382324 -0.3381096367529715 0.0
4.813394528943167 -0.2522593180750542 0.0
4.792079091804033 -0.16734308935111175 0.0
4.824264938423775 -0.08420785773111082 0.0
